"chromosome" "v" "D" "refractory_period_prop_cohort_alive" "sex_expressed" "dominance" "Starting_pop_size" "baseline_mean_lifespan" "f" "refractory_period" "mutation_time" "time_end" "parameter_space_ID" "mutation_events"
"1" "Z" 0.06 -0.643103448275862 0.97425 0 1 2666.66666666667 1 5 0.0260873347633184 5 1000 29 5
"2" "Z" 0.06 -0.720689655172414 0.97425 0 1 2666.66666666667 1 5 0.0260873347633184 5 1000 74 5
"3" "Z" 0.06 -0.712068965517241 0.999 0 1 2666.66666666667 1 5 0.00100050033358353 5 1000 70 5
"4" "Z" 0.06 -0.253448275862069 0.9 1 1 2666.66666666667 1 5 0.105360515657826 5 1000 211 5
"5" "Z" 0.06 -0.694827586206897 0.9495 0 1 2666.66666666667 1 5 0.0518197487297965 5 1000 58 5
"6" "Z" 0.06 -0.729310344827586 0.9 0 1 2666.66666666667 1 5 0.105360515657826 5 1000 76 5
"7" "Z" 0.06 -0.193103448275862 0.9495 1 1 2666.66666666667 1 5 0.0518197487297965 5 1000 178 5
"8" "Z" 0.06 -0.737931034482759 0.9 0 1 2666.66666666667 1 5 0.105360515657826 5 1000 81 5
"9" "Z" 0.06 -0.322413793103448 0.97425 1 1 2666.66666666667 1 5 0.0260873347633184 5 1000 254 5
"10" "Z" 0.06 -0.236206896551724 0.999 1 1 2666.66666666667 1 5 0.00100050033358353 5 1000 205 5
"11" "Z" 0.06 -0.729310344827586 0.92475 0 1 2666.66666666667 1 5 0.0782318482695737 5 1000 77 5
"12" "Z" 0.06 -0.382758620689655 0.9495 1 1 2666.66666666667 1 5 0.0518197487297965 5 1000 288 5
"13" "Z" 0.06 -0.322413793103448 0.9 1 1 2666.66666666667 1 5 0.105360515657826 5 1000 251 5
"14" "Z" 0.06 -0.643103448275862 0.92475 0 1 2666.66666666667 1 5 0.0782318482695737 5 1000 27 5
"15" "Z" 0.06 -0.313793103448276 0.97425 1 1 2666.66666666667 1 5 0.0260873347633184 5 1000 249 5
"16" "Z" 0.06 -0.625862068965517 0.999 0 1 2666.66666666667 1 5 0.00100050033358353 5 1000 20 5
"17" "Z" 0.06 -0.201724137931034 0.9495 1 1 2666.66666666667 1 5 0.0518197487297965 5 1000 183 5
"18" "Z" 0.06 -0.746551724137931 0.97425 0 1 2666.66666666667 1 5 0.0260873347633184 5 1000 89 5
"19" "Z" 0.06 -0.81551724137931 0.999 0 1 2666.66666666667 1 5 0.00100050033358353 5 1000 130 5
"20" "Z" 0.06 -0.287931034482759 0.9 1 1 2666.66666666667 1 5 0.105360515657826 5 1000 231 5
"21" "Z" 0.06 -0.287931034482759 0.9495 1 1 2666.66666666667 1 5 0.0518197487297965 5 1000 233 5
"22" "Z" 0.06 -0.755172413793103 0.97425 0 1 2666.66666666667 1 5 0.0260873347633184 5 1000 94 5
"23" "Z" 0.06 -0.789655172413793 0.97425 0 1 2666.66666666667 1 5 0.0260873347633184 5 1000 114 5
"24" "Z" 0.06 -0.694827586206897 0.97425 0 1 2666.66666666667 1 5 0.0260873347633184 5 1000 59 5
"25" "Z" 0.06 -0.4 0.92475 1 1 2666.66666666667 1 5 0.0782318482695737 5 1000 297 5
"26" "Z" 0.06 -0.63448275862069 0.9495 0 1 2666.66666666667 1 5 0.0518197487297965 5 1000 23 5
"27" "Z" 0.06 -0.391379310344828 0.97425 1 1 2666.66666666667 1 5 0.0260873347633184 5 1000 294 5
"28" "Z" 0.06 -0.737931034482759 0.97425 0 1 2666.66666666667 1 5 0.0260873347633184 5 1000 84 5
"29" "Z" 0.06 -0.18448275862069 0.92475 1 1 2666.66666666667 1 5 0.0782318482695737 5 1000 172 5
"30" "Z" 0.06 -0.262068965517241 0.9495 1 1 2666.66666666667 1 5 0.0518197487297965 5 1000 218 5
"31" "Z" 0.06 -0.339655172413793 0.92475 1 1 2666.66666666667 1 5 0.0782318482695737 5 1000 262 5
"32" "Z" 0.06 -0.305172413793103 0.97425 1 1 2666.66666666667 1 5 0.0260873347633184 5 1000 244 5
"33" "Z" 0.06 -0.677586206896552 0.9495 0 1 2666.66666666667 1 5 0.0518197487297965 5 1000 48 5
"34" "Z" 0.06 -0.798275862068966 0.9495 0 1 2666.66666666667 1 5 0.0518197487297965 5 1000 118 5
"35" "Z" 0.06 -0.15 0.999 1 1 2666.66666666667 1 5 0.00100050033358353 5 1000 155 5
"36" "Z" 0.06 -0.763793103448276 0.97425 0 1 2666.66666666667 1 5 0.0260873347633184 5 1000 99 5
"37" "Z" 0.06 -0.236206896551724 0.9 1 1 2666.66666666667 1 5 0.105360515657826 5 1000 201 5
"38" "Z" 0.06 -0.253448275862069 0.9495 1 1 2666.66666666667 1 5 0.0518197487297965 5 1000 213 5
"39" "Z" 0.06 -0.85 0.97425 0 1 2666.66666666667 1 5 0.0260873347633184 5 1000 149 5
"40" "Z" 0.06 -0.193103448275862 0.97425 1 1 2666.66666666667 1 5 0.0260873347633184 5 1000 179 5
"41" "Z" 0.06 -0.81551724137931 0.9 0 1 2666.66666666667 1 5 0.105360515657826 5 1000 126 5
"42" "Z" 0.06 -0.651724137931034 0.92475 0 1 2666.66666666667 1 5 0.0782318482695737 5 1000 32 5
"43" "Z" 0.06 -0.296551724137931 0.97425 1 1 2666.66666666667 1 5 0.0260873347633184 5 1000 239 5
"44" "Z" 0.06 -0.244827586206897 0.999 1 1 2666.66666666667 1 5 0.00100050033358353 5 1000 210 5
"45" "Z" 0.06 -0.841379310344827 0.9 0 1 2666.66666666667 1 5 0.105360515657826 5 1000 141 5
"46" "Z" 0.06 -0.244827586206897 0.97425 1 1 2666.66666666667 1 5 0.0260873347633184 5 1000 209 5
"47" "Z" 0.06 -0.772413793103448 0.92475 0 1 2666.66666666667 1 5 0.0782318482695737 5 1000 102 5
"48" "Z" 0.06 -0.218965517241379 0.999 1 1 2666.66666666667 1 5 0.00100050033358353 5 1000 195 5
"49" "Z" 0.06 -0.374137931034483 0.97425 1 1 2666.66666666667 1 5 0.0260873347633184 5 1000 284 5
"50" "Z" 0.06 -0.356896551724138 0.9495 1 1 2666.66666666667 1 5 0.0518197487297965 5 1000 273 5
"51" "Z" 0.06 -0.686206896551724 0.999 0 1 2666.66666666667 1 5 0.00100050033358353 5 1000 55 5
"52" "Z" 0.06 -0.227586206896552 0.999 1 1 2666.66666666667 1 5 0.00100050033358353 5 1000 200 5
"53" "Z" 0.06 -0.322413793103448 0.9495 1 1 2666.66666666667 1 5 0.0518197487297965 5 1000 253 5
"54" "Z" 0.06 -0.313793103448276 0.92475 1 1 2666.66666666667 1 5 0.0782318482695737 5 1000 247 5
"55" "Z" 0.06 -0.608620689655172 0.97425 0 1 2666.66666666667 1 5 0.0260873347633184 5 1000 9 5
"56" "Z" 0.06 -0.382758620689655 0.999 1 1 2666.66666666667 1 5 0.00100050033358353 5 1000 290 5
"57" "Z" 0.06 -0.193103448275862 0.9 1 1 2666.66666666667 1 5 0.105360515657826 5 1000 176 5
"58" "Z" 0.06 -0.746551724137931 0.9495 0 1 2666.66666666667 1 5 0.0518197487297965 5 1000 88 5
"59" "Z" 0.06 -0.729310344827586 0.9495 0 1 2666.66666666667 1 5 0.0518197487297965 5 1000 78 5
"60" "Z" 0.06 -0.201724137931034 0.999 1 1 2666.66666666667 1 5 0.00100050033358353 5 1000 185 5
"61" "Z" 0.06 -0.772413793103448 0.999 0 1 2666.66666666667 1 5 0.00100050033358353 5 1000 105 5
"62" "Z" 0.06 -0.832758620689655 0.92475 0 1 2666.66666666667 1 5 0.0782318482695737 5 1000 137 5
"63" "Z" 0.06 -0.36551724137931 0.9 1 1 2666.66666666667 1 5 0.105360515657826 5 1000 276 5
"64" "Z" 0.06 -0.63448275862069 0.9 0 1 2666.66666666667 1 5 0.105360515657826 5 1000 21 5
"65" "Z" 0.06 -0.81551724137931 0.9495 0 1 2666.66666666667 1 5 0.0518197487297965 5 1000 128 5
"66" "Z" 0.06 -0.356896551724138 0.92475 1 1 2666.66666666667 1 5 0.0782318482695737 5 1000 272 5
"67" "Z" 0.06 -0.218965517241379 0.9 1 1 2666.66666666667 1 5 0.105360515657826 5 1000 191 5
"68" "Z" 0.06 -0.668965517241379 0.97425 0 1 2666.66666666667 1 5 0.0260873347633184 5 1000 44 5
"69" "Z" 0.06 -0.617241379310345 0.97425 0 1 2666.66666666667 1 5 0.0260873347633184 5 1000 14 5
"70" "Z" 0.06 -0.85 0.9 0 1 2666.66666666667 1 5 0.105360515657826 5 1000 146 5
"71" "Z" 0.06 -0.841379310344827 0.97425 0 1 2666.66666666667 1 5 0.0260873347633184 5 1000 144 5
"72" "Z" 0.06 -0.262068965517241 0.92475 1 1 2666.66666666667 1 5 0.0782318482695737 5 1000 217 5
"73" "Z" 0.06 -0.36551724137931 0.999 1 1 2666.66666666667 1 5 0.00100050033358353 5 1000 280 5
"74" "Z" 0.06 -0.15 0.9495 1 1 2666.66666666667 1 5 0.0518197487297965 5 1000 153 5
"75" "Z" 0.06 -0.660344827586207 0.9 0 1 2666.66666666667 1 5 0.105360515657826 5 1000 36 5
"76" "Z" 0.06 -0.175862068965517 0.97425 1 1 2666.66666666667 1 5 0.0260873347633184 5 1000 169 5
"77" "Z" 0.06 -0.806896551724138 0.9495 0 1 2666.66666666667 1 5 0.0518197487297965 5 1000 123 5
"78" "Z" 0.06 -0.175862068965517 0.92475 1 1 2666.66666666667 1 5 0.0782318482695737 5 1000 167 5
"79" "Z" 0.06 -0.686206896551724 0.9 0 1 2666.66666666667 1 5 0.105360515657826 5 1000 51 5
"80" "Z" 0.06 -0.712068965517241 0.9 0 1 2666.66666666667 1 5 0.105360515657826 5 1000 66 5
"81" "Z" 0.06 -0.63448275862069 0.92475 0 1 2666.66666666667 1 5 0.0782318482695737 5 1000 22 5
"82" "Z" 0.06 -0.15 0.9 1 1 2666.66666666667 1 5 0.105360515657826 5 1000 151 5
"83" "Z" 0.06 -0.81551724137931 0.97425 0 1 2666.66666666667 1 5 0.0260873347633184 5 1000 129 5
"84" "Z" 0.06 -0.167241379310345 0.97425 1 1 2666.66666666667 1 5 0.0260873347633184 5 1000 164 5
"85" "Z" 0.06 -0.218965517241379 0.92475 1 1 2666.66666666667 1 5 0.0782318482695737 5 1000 192 5
"86" "Z" 0.06 -0.227586206896552 0.9 1 1 2666.66666666667 1 5 0.105360515657826 5 1000 196 5
"87" "Z" 0.06 -0.287931034482759 0.97425 1 1 2666.66666666667 1 5 0.0260873347633184 5 1000 234 5
"88" "Z" 0.06 -0.798275862068966 0.97425 0 1 2666.66666666667 1 5 0.0260873347633184 5 1000 119 5
"89" "Z" 0.06 -0.382758620689655 0.92475 1 1 2666.66666666667 1 5 0.0782318482695737 5 1000 287 5
"90" "Z" 0.06 -0.737931034482759 0.9495 0 1 2666.66666666667 1 5 0.0518197487297965 5 1000 83 5
"91" "Z" 0.06 -0.322413793103448 0.92475 1 1 2666.66666666667 1 5 0.0782318482695737 5 1000 252 5
"92" "Z" 0.06 -0.729310344827586 0.999 0 1 2666.66666666667 1 5 0.00100050033358353 5 1000 80 5
"93" "Z" 0.06 -0.798275862068966 0.92475 0 1 2666.66666666667 1 5 0.0782318482695737 5 1000 117 5
"94" "Z" 0.06 -0.339655172413793 0.97425 1 1 2666.66666666667 1 5 0.0260873347633184 5 1000 264 5
"95" "Z" 0.06 -0.167241379310345 0.9 1 1 2666.66666666667 1 5 0.105360515657826 5 1000 161 5
"96" "Z" 0.06 -0.270689655172414 0.999 1 1 2666.66666666667 1 5 0.00100050033358353 5 1000 225 5
"97" "Z" 0.06 -0.85 0.9495 0 1 2666.66666666667 1 5 0.0518197487297965 5 1000 148 5
"98" "Z" 0.06 -0.720689655172414 0.9495 0 1 2666.66666666667 1 5 0.0518197487297965 5 1000 73 5
"99" "Z" 0.06 -0.244827586206897 0.92475 1 1 2666.66666666667 1 5 0.0782318482695737 5 1000 207 5
"100" "Z" 0.06 -0.763793103448276 0.92475 0 1 2666.66666666667 1 5 0.0782318482695737 5 1000 97 5
"101" "Z" 0.06 -0.668965517241379 0.9495 0 1 2666.66666666667 1 5 0.0518197487297965 5 1000 43 5
"102" "Z" 0.06 -0.85 0.999 0 1 2666.66666666667 1 5 0.00100050033358353 5 1000 150 5
"103" "Z" 0.06 -0.313793103448276 0.9495 1 1 2666.66666666667 1 5 0.0518197487297965 5 1000 248 5
"104" "Z" 0.06 -0.737931034482759 0.999 0 1 2666.66666666667 1 5 0.00100050033358353 5 1000 85 5
"105" "Z" 0.06 -0.625862068965517 0.9 0 1 2666.66666666667 1 5 0.105360515657826 5 1000 16 5
"106" "Z" 0.06 -0.617241379310345 0.9495 0 1 2666.66666666667 1 5 0.0518197487297965 5 1000 13 5
"107" "Z" 0.06 -0.391379310344828 0.9 1 1 2666.66666666667 1 5 0.105360515657826 5 1000 291 5
"108" "Z" 0.06 -0.85 0.92475 0 1 2666.66666666667 1 5 0.0782318482695737 5 1000 147 5
"109" "Z" 0.06 -0.608620689655172 0.9495 0 1 2666.66666666667 1 5 0.0518197487297965 5 1000 8 5
"110" "Z" 0.06 -0.305172413793103 0.999 1 1 2666.66666666667 1 5 0.00100050033358353 5 1000 245 5
"111" "Z" 0.06 -0.63448275862069 0.999 0 1 2666.66666666667 1 5 0.00100050033358353 5 1000 25 5
"112" "Z" 0.06 -0.313793103448276 0.999 1 1 2666.66666666667 1 5 0.00100050033358353 5 1000 250 5
"113" "Z" 0.06 -0.270689655172414 0.97425 1 1 2666.66666666667 1 5 0.0260873347633184 5 1000 224 5
"114" "Z" 0.06 -0.4 0.9495 1 1 2666.66666666667 1 5 0.0518197487297965 5 1000 298 5
"115" "Z" 0.06 -0.617241379310345 0.999 0 1 2666.66666666667 1 5 0.00100050033358353 5 1000 15 5
"116" "Z" 0.06 -0.227586206896552 0.92475 1 1 2666.66666666667 1 5 0.0782318482695737 5 1000 197 5
"117" "Z" 0.06 -0.789655172413793 0.9 0 1 2666.66666666667 1 5 0.105360515657826 5 1000 111 5
"118" "Z" 0.06 -0.703448275862069 0.92475 0 1 2666.66666666667 1 5 0.0782318482695737 5 1000 62 5
"119" "Z" 0.06 -0.625862068965517 0.92475 0 1 2666.66666666667 1 5 0.0782318482695737 5 1000 17 5
"120" "Z" 0.06 -0.703448275862069 0.9 0 1 2666.66666666667 1 5 0.105360515657826 5 1000 61 5
"121" "Z" 0.06 -0.781034482758621 0.97425 0 1 2666.66666666667 1 5 0.0260873347633184 5 1000 109 5
"122" "Z" 0.06 -0.158620689655172 0.9 1 1 2666.66666666667 1 5 0.105360515657826 5 1000 156 5
"123" "Z" 0.06 -0.824137931034483 0.9495 0 1 2666.66666666667 1 5 0.0518197487297965 5 1000 133 5
"124" "Z" 0.06 -0.227586206896552 0.9495 1 1 2666.66666666667 1 5 0.0518197487297965 5 1000 198 5
"125" "Z" 0.06 -0.832758620689655 0.9 0 1 2666.66666666667 1 5 0.105360515657826 5 1000 136 5
"126" "Z" 0.06 -0.382758620689655 0.9 1 1 2666.66666666667 1 5 0.105360515657826 5 1000 286 5
"127" "Z" 0.06 -0.806896551724138 0.92475 0 1 2666.66666666667 1 5 0.0782318482695737 5 1000 122 5
"128" "Z" 0.06 -0.677586206896552 0.999 0 1 2666.66666666667 1 5 0.00100050033358353 5 1000 50 5
"129" "Z" 0.06 -0.651724137931034 0.999 0 1 2666.66666666667 1 5 0.00100050033358353 5 1000 35 5
"130" "Z" 0.06 -0.331034482758621 0.97425 1 1 2666.66666666667 1 5 0.0260873347633184 5 1000 259 5
"131" "Z" 0.06 -0.382758620689655 0.97425 1 1 2666.66666666667 1 5 0.0260873347633184 5 1000 289 5
"132" "Z" 0.06 -0.824137931034483 0.999 0 1 2666.66666666667 1 5 0.00100050033358353 5 1000 135 5
"133" "Z" 0.06 -0.236206896551724 0.97425 1 1 2666.66666666667 1 5 0.0260873347633184 5 1000 204 5
"134" "Z" 0.06 -0.279310344827586 0.97425 1 1 2666.66666666667 1 5 0.0260873347633184 5 1000 229 5
"135" "Z" 0.06 -0.201724137931034 0.97425 1 1 2666.66666666667 1 5 0.0260873347633184 5 1000 184 5
"136" "Z" 0.06 -0.270689655172414 0.92475 1 1 2666.66666666667 1 5 0.0782318482695737 5 1000 222 5
"137" "Z" 0.06 -0.18448275862069 0.9 1 1 2666.66666666667 1 5 0.105360515657826 5 1000 171 5
"138" "Z" 0.06 -0.720689655172414 0.9 0 1 2666.66666666667 1 5 0.105360515657826 5 1000 71 5
"139" "Z" 0.06 -0.712068965517241 0.97425 0 1 2666.66666666667 1 5 0.0260873347633184 5 1000 69 5
"140" "Z" 0.06 -0.18448275862069 0.9495 1 1 2666.66666666667 1 5 0.0518197487297965 5 1000 173 5
"141" "Z" 0.06 -0.287931034482759 0.999 1 1 2666.66666666667 1 5 0.00100050033358353 5 1000 235 5
"142" "Z" 0.06 -0.348275862068966 0.97425 1 1 2666.66666666667 1 5 0.0260873347633184 5 1000 269 5
"143" "Z" 0.06 -0.279310344827586 0.9 1 1 2666.66666666667 1 5 0.105360515657826 5 1000 226 5
"144" "Z" 0.06 -0.374137931034483 0.92475 1 1 2666.66666666667 1 5 0.0782318482695737 5 1000 282 5
"145" "Z" 0.06 -0.824137931034483 0.9 0 1 2666.66666666667 1 5 0.105360515657826 5 1000 131 5
"146" "Z" 0.06 -0.218965517241379 0.97425 1 1 2666.66666666667 1 5 0.0260873347633184 5 1000 194 5
"147" "Z" 0.06 -0.210344827586207 0.92475 1 1 2666.66666666667 1 5 0.0782318482695737 5 1000 187 5
"148" "Z" 0.06 -0.4 0.9 1 1 2666.66666666667 1 5 0.105360515657826 5 1000 296 5
"149" "Z" 0.06 -0.262068965517241 0.9 1 1 2666.66666666667 1 5 0.105360515657826 5 1000 216 5
"150" "Z" 0.06 -0.158620689655172 0.97425 1 1 2666.66666666667 1 5 0.0260873347633184 5 1000 159 5
"151" "Z" 0.06 -0.625862068965517 0.9495 0 1 2666.66666666667 1 5 0.0518197487297965 5 1000 18 5
"152" "Z" 0.06 -0.694827586206897 0.999 0 1 2666.66666666667 1 5 0.00100050033358353 5 1000 60 5
"153" "Z" 0.06 -0.755172413793103 0.9495 0 1 2666.66666666667 1 5 0.0518197487297965 5 1000 93 5
"154" "Z" 0.06 -0.824137931034483 0.92475 0 1 2666.66666666667 1 5 0.0782318482695737 5 1000 132 5
"155" "Z" 0.06 -0.36551724137931 0.92475 1 1 2666.66666666667 1 5 0.0782318482695737 5 1000 277 5
"156" "Z" 0.06 -0.15 0.92475 1 1 2666.66666666667 1 5 0.0782318482695737 5 1000 152 5
"157" "Z" 0.06 -0.686206896551724 0.9495 0 1 2666.66666666667 1 5 0.0518197487297965 5 1000 53 5
"158" "Z" 0.06 -0.789655172413793 0.92475 0 1 2666.66666666667 1 5 0.0782318482695737 5 1000 112 5
"159" "Z" 0.06 -0.651724137931034 0.9495 0 1 2666.66666666667 1 5 0.0518197487297965 5 1000 33 5
"160" "Z" 0.06 -0.262068965517241 0.999 1 1 2666.66666666667 1 5 0.00100050033358353 5 1000 220 5
"161" "Z" 0.06 -0.356896551724138 0.9 1 1 2666.66666666667 1 5 0.105360515657826 5 1000 271 5
"162" "Z" 0.06 -0.348275862068966 0.9495 1 1 2666.66666666667 1 5 0.0518197487297965 5 1000 268 5
"163" "Z" 0.06 -0.175862068965517 0.9 1 1 2666.66666666667 1 5 0.105360515657826 5 1000 166 5
"164" "Z" 0.06 -0.210344827586207 0.9 1 1 2666.66666666667 1 5 0.105360515657826 5 1000 186 5
"165" "Z" 0.06 -0.305172413793103 0.9495 1 1 2666.66666666667 1 5 0.0518197487297965 5 1000 243 5
"166" "Z" 0.06 -0.218965517241379 0.9495 1 1 2666.66666666667 1 5 0.0518197487297965 5 1000 193 5
"167" "Z" 0.06 -0.374137931034483 0.9495 1 1 2666.66666666667 1 5 0.0518197487297965 5 1000 283 5
"168" "Z" 0.06 -0.158620689655172 0.92475 1 1 2666.66666666667 1 5 0.0782318482695737 5 1000 157 5
"169" "Z" 0.06 -0.6 0.999 0 1 2666.66666666667 1 5 0.00100050033358353 5 1000 5 5
"170" "Z" 0.06 -0.755172413793103 0.92475 0 1 2666.66666666667 1 5 0.0782318482695737 5 1000 92 5
"171" "Z" 0.06 -0.201724137931034 0.9 1 1 2666.66666666667 1 5 0.105360515657826 5 1000 181 5
"172" "Z" 0.06 -0.772413793103448 0.9495 0 1 2666.66666666667 1 5 0.0518197487297965 5 1000 103 5
"173" "Z" 0.06 -0.167241379310345 0.9495 1 1 2666.66666666667 1 5 0.0518197487297965 5 1000 163 5
"174" "Z" 0.06 -0.201724137931034 0.92475 1 1 2666.66666666667 1 5 0.0782318482695737 5 1000 182 5
"175" "Z" 0.06 -0.356896551724138 0.97425 1 1 2666.66666666667 1 5 0.0260873347633184 5 1000 274 5
"176" "Z" 0.06 -0.374137931034483 0.999 1 1 2666.66666666667 1 5 0.00100050033358353 5 1000 285 5
"177" "Z" 0.06 -0.789655172413793 0.9495 0 1 2666.66666666667 1 5 0.0518197487297965 5 1000 113 5
"178" "Z" 0.06 -0.824137931034483 0.97425 0 1 2666.66666666667 1 5 0.0260873347633184 5 1000 134 5
"179" "Z" 0.06 -0.694827586206897 0.9 0 1 2666.66666666667 1 5 0.105360515657826 5 1000 56 5
"180" "Z" 0.06 -0.227586206896552 0.97425 1 1 2666.66666666667 1 5 0.0260873347633184 5 1000 199 5
"181" "Z" 0.06 -0.660344827586207 0.92475 0 1 2666.66666666667 1 5 0.0782318482695737 5 1000 37 5
"182" "Z" 0.06 -0.158620689655172 0.9495 1 1 2666.66666666667 1 5 0.0518197487297965 5 1000 158 5
"183" "Z" 0.06 -0.755172413793103 0.999 0 1 2666.66666666667 1 5 0.00100050033358353 5 1000 95 5
"184" "Z" 0.06 -0.712068965517241 0.92475 0 1 2666.66666666667 1 5 0.0782318482695737 5 1000 67 5
"185" "Z" 0.06 -0.36551724137931 0.9495 1 1 2666.66666666667 1 5 0.0518197487297965 5 1000 278 5
"186" "Z" 0.06 -0.608620689655172 0.92475 0 1 2666.66666666667 1 5 0.0782318482695737 5 1000 7 5
"187" "Z" 0.06 -0.772413793103448 0.97425 0 1 2666.66666666667 1 5 0.0260873347633184 5 1000 104 5
"188" "Z" 0.06 -0.18448275862069 0.999 1 1 2666.66666666667 1 5 0.00100050033358353 5 1000 175 5
"189" "Z" 0.06 -0.391379310344828 0.92475 1 1 2666.66666666667 1 5 0.0782318482695737 5 1000 292 5
"190" "Z" 0.06 -0.686206896551724 0.97425 0 1 2666.66666666667 1 5 0.0260873347633184 5 1000 54 5
"191" "Z" 0.06 -0.832758620689655 0.999 0 1 2666.66666666667 1 5 0.00100050033358353 5 1000 140 5
"192" "Z" 0.06 -0.331034482758621 0.9495 1 1 2666.66666666667 1 5 0.0518197487297965 5 1000 258 5
"193" "Z" 0.06 -0.253448275862069 0.999 1 1 2666.66666666667 1 5 0.00100050033358353 5 1000 215 5
"194" "Z" 0.06 -0.244827586206897 0.9495 1 1 2666.66666666667 1 5 0.0518197487297965 5 1000 208 5
"195" "Z" 0.06 -0.608620689655172 0.999 0 1 2666.66666666667 1 5 0.00100050033358353 5 1000 10 5
"196" "Z" 0.06 -0.331034482758621 0.9 1 1 2666.66666666667 1 5 0.105360515657826 5 1000 256 5
"197" "Z" 0.06 -0.781034482758621 0.9495 0 1 2666.66666666667 1 5 0.0518197487297965 5 1000 108 5
"198" "Z" 0.06 -0.81551724137931 0.92475 0 1 2666.66666666667 1 5 0.0782318482695737 5 1000 127 5
"199" "Z" 0.06 -0.339655172413793 0.9495 1 1 2666.66666666667 1 5 0.0518197487297965 5 1000 263 5
"200" "Z" 0.06 -0.262068965517241 0.97425 1 1 2666.66666666667 1 5 0.0260873347633184 5 1000 219 5
"201" "Z" 0.06 -0.763793103448276 0.9 0 1 2666.66666666667 1 5 0.105360515657826 5 1000 96 5
"202" "Z" 0.06 -0.712068965517241 0.9495 0 1 2666.66666666667 1 5 0.0518197487297965 5 1000 68 5
"203" "Z" 0.06 -0.391379310344828 0.9495 1 1 2666.66666666667 1 5 0.0518197487297965 5 1000 293 5
"204" "Z" 0.06 -0.841379310344827 0.999 0 1 2666.66666666667 1 5 0.00100050033358353 5 1000 145 5
"205" "Z" 0.06 -0.6 0.9495 0 1 2666.66666666667 1 5 0.0518197487297965 5 1000 3 5
"206" "Z" 0.06 -0.720689655172414 0.92475 0 1 2666.66666666667 1 5 0.0782318482695737 5 1000 72 5
"207" "Z" 0.06 -0.832758620689655 0.97425 0 1 2666.66666666667 1 5 0.0260873347633184 5 1000 139 5
"208" "Z" 0.06 -0.193103448275862 0.999 1 1 2666.66666666667 1 5 0.00100050033358353 5 1000 180 5
"209" "Z" 0.06 -0.348275862068966 0.9 1 1 2666.66666666667 1 5 0.105360515657826 5 1000 266 5
"210" "Z" 0.06 -0.236206896551724 0.9495 1 1 2666.66666666667 1 5 0.0518197487297965 5 1000 203 5
"211" "Z" 0.06 -0.694827586206897 0.92475 0 1 2666.66666666667 1 5 0.0782318482695737 5 1000 57 5
"212" "Z" 0.06 -0.806896551724138 0.97425 0 1 2666.66666666667 1 5 0.0260873347633184 5 1000 124 5
"213" "Z" 0.06 -0.6 0.9 0 1 2666.66666666667 1 5 0.105360515657826 5 1000 1 5
"214" "Z" 0.06 -0.729310344827586 0.97425 0 1 2666.66666666667 1 5 0.0260873347633184 5 1000 79 5
"215" "Z" 0.06 -0.6 0.92475 0 1 2666.66666666667 1 5 0.0782318482695737 5 1000 2 5
"216" "Z" 0.06 -0.660344827586207 0.97425 0 1 2666.66666666667 1 5 0.0260873347633184 5 1000 39 5
"217" "Z" 0.06 -0.746551724137931 0.999 0 1 2666.66666666667 1 5 0.00100050033358353 5 1000 90 5
"218" "Z" 0.06 -0.279310344827586 0.92475 1 1 2666.66666666667 1 5 0.0782318482695737 5 1000 227 5
"219" "Z" 0.06 -0.175862068965517 0.9495 1 1 2666.66666666667 1 5 0.0518197487297965 5 1000 168 5
"220" "Z" 0.06 -0.781034482758621 0.92475 0 1 2666.66666666667 1 5 0.0782318482695737 5 1000 107 5
"221" "Z" 0.06 -0.608620689655172 0.9 0 1 2666.66666666667 1 5 0.105360515657826 5 1000 6 5
"222" "Z" 0.06 -0.158620689655172 0.999 1 1 2666.66666666667 1 5 0.00100050033358353 5 1000 160 5
"223" "Z" 0.06 -0.625862068965517 0.97425 0 1 2666.66666666667 1 5 0.0260873347633184 5 1000 19 5
"224" "Z" 0.06 -0.660344827586207 0.999 0 1 2666.66666666667 1 5 0.00100050033358353 5 1000 40 5
"225" "Z" 0.06 -0.763793103448276 0.999 0 1 2666.66666666667 1 5 0.00100050033358353 5 1000 100 5
"226" "Z" 0.06 -0.6 0.97425 0 1 2666.66666666667 1 5 0.0260873347633184 5 1000 4 5
"227" "Z" 0.06 -0.374137931034483 0.9 1 1 2666.66666666667 1 5 0.105360515657826 5 1000 281 5
"228" "Z" 0.06 -0.703448275862069 0.97425 0 1 2666.66666666667 1 5 0.0260873347633184 5 1000 64 5
"229" "Z" 0.06 -0.668965517241379 0.92475 0 1 2666.66666666667 1 5 0.0782318482695737 5 1000 42 5
"230" "Z" 0.06 -0.643103448275862 0.9 0 1 2666.66666666667 1 5 0.105360515657826 5 1000 26 5
"231" "Z" 0.06 -0.210344827586207 0.97425 1 1 2666.66666666667 1 5 0.0260873347633184 5 1000 189 5
"232" "Z" 0.06 -0.746551724137931 0.92475 0 1 2666.66666666667 1 5 0.0782318482695737 5 1000 87 5
"233" "Z" 0.06 -0.339655172413793 0.999 1 1 2666.66666666667 1 5 0.00100050033358353 5 1000 265 5
"234" "Z" 0.06 -0.668965517241379 0.999 0 1 2666.66666666667 1 5 0.00100050033358353 5 1000 45 5
"235" "Z" 0.06 -0.18448275862069 0.97425 1 1 2666.66666666667 1 5 0.0260873347633184 5 1000 174 5
"236" "Z" 0.06 -0.296551724137931 0.92475 1 1 2666.66666666667 1 5 0.0782318482695737 5 1000 237 5
"237" "Z" 0.06 -0.617241379310345 0.92475 0 1 2666.66666666667 1 5 0.0782318482695737 5 1000 12 5
"238" "Z" 0.06 -0.781034482758621 0.9 0 1 2666.66666666667 1 5 0.105360515657826 5 1000 106 5
"239" "Z" 0.06 -0.789655172413793 0.999 0 1 2666.66666666667 1 5 0.00100050033358353 5 1000 115 5
"240" "Z" 0.06 -0.36551724137931 0.97425 1 1 2666.66666666667 1 5 0.0260873347633184 5 1000 279 5
"241" "Z" 0.06 -0.763793103448276 0.9495 0 1 2666.66666666667 1 5 0.0518197487297965 5 1000 98 5
"242" "Z" 0.06 -0.296551724137931 0.9495 1 1 2666.66666666667 1 5 0.0518197487297965 5 1000 238 5
"243" "Z" 0.06 -0.686206896551724 0.92475 0 1 2666.66666666667 1 5 0.0782318482695737 5 1000 52 5
"244" "Z" 0.06 -0.703448275862069 0.9495 0 1 2666.66666666667 1 5 0.0518197487297965 5 1000 63 5
"245" "Z" 0.06 -0.772413793103448 0.9 0 1 2666.66666666667 1 5 0.105360515657826 5 1000 101 5
"246" "Z" 0.06 -0.348275862068966 0.92475 1 1 2666.66666666667 1 5 0.0782318482695737 5 1000 267 5
"247" "Z" 0.06 -0.617241379310345 0.9 0 1 2666.66666666667 1 5 0.105360515657826 5 1000 11 5
"248" "Z" 0.06 -0.296551724137931 0.9 1 1 2666.66666666667 1 5 0.105360515657826 5 1000 236 5
"249" "Z" 0.06 -0.841379310344827 0.9495 0 1 2666.66666666667 1 5 0.0518197487297965 5 1000 143 5
"250" "Z" 0.06 -0.279310344827586 0.9495 1 1 2666.66666666667 1 5 0.0518197487297965 5 1000 228 5
"251" "Z" 0.06 -0.253448275862069 0.97425 1 1 2666.66666666667 1 5 0.0260873347633184 5 1000 214 5
"252" "Z" 0.06 -0.677586206896552 0.92475 0 1 2666.66666666667 1 5 0.0782318482695737 5 1000 47 5
"253" "Z" 0.06 -0.175862068965517 0.999 1 1 2666.66666666667 1 5 0.00100050033358353 5 1000 170 5
"254" "Z" 0.06 -0.651724137931034 0.9 0 1 2666.66666666667 1 5 0.105360515657826 5 1000 31 5
"255" "Z" 0.06 -0.356896551724138 0.999 1 1 2666.66666666667 1 5 0.00100050033358353 5 1000 275 5
"256" "Z" 0.06 -0.4 0.97425 1 1 2666.66666666667 1 5 0.0260873347633184 5 1000 299 5
"257" "Z" 0.06 -0.798275862068966 0.9 0 1 2666.66666666667 1 5 0.105360515657826 5 1000 116 5
"258" "Z" 0.06 -0.253448275862069 0.92475 1 1 2666.66666666667 1 5 0.0782318482695737 5 1000 212 5
"259" "Z" 0.06 -0.643103448275862 0.9495 0 1 2666.66666666667 1 5 0.0518197487297965 5 1000 28 5
"260" "Z" 0.06 -0.296551724137931 0.999 1 1 2666.66666666667 1 5 0.00100050033358353 5 1000 240 5
"261" "Z" 0.06 -0.806896551724138 0.999 0 1 2666.66666666667 1 5 0.00100050033358353 5 1000 125 5
"262" "Z" 0.06 -0.305172413793103 0.92475 1 1 2666.66666666667 1 5 0.0782318482695737 5 1000 242 5
"263" "Z" 0.06 -0.668965517241379 0.9 0 1 2666.66666666667 1 5 0.105360515657826 5 1000 41 5
"264" "Z" 0.06 -0.737931034482759 0.92475 0 1 2666.66666666667 1 5 0.0782318482695737 5 1000 82 5
"265" "Z" 0.06 -0.703448275862069 0.999 0 1 2666.66666666667 1 5 0.00100050033358353 5 1000 65 5
"266" "Z" 0.06 -0.391379310344828 0.999 1 1 2666.66666666667 1 5 0.00100050033358353 5 1000 295 5
"267" "Z" 0.06 -0.193103448275862 0.92475 1 1 2666.66666666667 1 5 0.0782318482695737 5 1000 177 5
"268" "Z" 0.06 -0.331034482758621 0.999 1 1 2666.66666666667 1 5 0.00100050033358353 5 1000 260 5
"269" "Z" 0.06 -0.755172413793103 0.9 0 1 2666.66666666667 1 5 0.105360515657826 5 1000 91 5
"270" "Z" 0.06 -0.210344827586207 0.9495 1 1 2666.66666666667 1 5 0.0518197487297965 5 1000 188 5
"271" "Z" 0.06 -0.270689655172414 0.9 1 1 2666.66666666667 1 5 0.105360515657826 5 1000 221 5
"272" "Z" 0.06 -0.677586206896552 0.9 0 1 2666.66666666667 1 5 0.105360515657826 5 1000 46 5
"273" "Z" 0.06 -0.210344827586207 0.999 1 1 2666.66666666667 1 5 0.00100050033358353 5 1000 190 5
"274" "Z" 0.06 -0.270689655172414 0.9495 1 1 2666.66666666667 1 5 0.0518197487297965 5 1000 223 5
"275" "Z" 0.06 -0.643103448275862 0.999 0 1 2666.66666666667 1 5 0.00100050033358353 5 1000 30 5
"276" "Z" 0.06 -0.651724137931034 0.97425 0 1 2666.66666666667 1 5 0.0260873347633184 5 1000 34 5
"277" "Z" 0.06 -0.798275862068966 0.999 0 1 2666.66666666667 1 5 0.00100050033358353 5 1000 120 5
"278" "Z" 0.06 -0.63448275862069 0.97425 0 1 2666.66666666667 1 5 0.0260873347633184 5 1000 24 5
"279" "Z" 0.06 -0.313793103448276 0.9 1 1 2666.66666666667 1 5 0.105360515657826 5 1000 246 5
"280" "Z" 0.06 -0.781034482758621 0.999 0 1 2666.66666666667 1 5 0.00100050033358353 5 1000 110 5
"281" "Z" 0.06 -0.4 0.999 1 1 2666.66666666667 1 5 0.00100050033358353 5 1000 300 5
"282" "Z" 0.06 -0.331034482758621 0.92475 1 1 2666.66666666667 1 5 0.0782318482695737 5 1000 257 5
"283" "Z" 0.06 -0.15 0.97425 1 1 2666.66666666667 1 5 0.0260873347633184 5 1000 154 5
"284" "Z" 0.06 -0.677586206896552 0.97425 0 1 2666.66666666667 1 5 0.0260873347633184 5 1000 49 5
"285" "Z" 0.06 -0.339655172413793 0.9 1 1 2666.66666666667 1 5 0.105360515657826 5 1000 261 5
"286" "Z" 0.06 -0.806896551724138 0.9 0 1 2666.66666666667 1 5 0.105360515657826 5 1000 121 5
"287" "Z" 0.06 -0.167241379310345 0.92475 1 1 2666.66666666667 1 5 0.0782318482695737 5 1000 162 5
"288" "Z" 0.06 -0.236206896551724 0.92475 1 1 2666.66666666667 1 5 0.0782318482695737 5 1000 202 5
"289" "Z" 0.06 -0.841379310344827 0.92475 0 1 2666.66666666667 1 5 0.0782318482695737 5 1000 142 5
"290" "Z" 0.06 -0.287931034482759 0.92475 1 1 2666.66666666667 1 5 0.0782318482695737 5 1000 232 5
"291" "Z" 0.06 -0.832758620689655 0.9495 0 1 2666.66666666667 1 5 0.0518197487297965 5 1000 138 5
"292" "Z" 0.06 -0.279310344827586 0.999 1 1 2666.66666666667 1 5 0.00100050033358353 5 1000 230 5
"293" "Z" 0.06 -0.348275862068966 0.999 1 1 2666.66666666667 1 5 0.00100050033358353 5 1000 270 5
"294" "Z" 0.06 -0.167241379310345 0.999 1 1 2666.66666666667 1 5 0.00100050033358353 5 1000 165 5
"295" "Z" 0.06 -0.746551724137931 0.9 0 1 2666.66666666667 1 5 0.105360515657826 5 1000 86 5
"296" "Z" 0.06 -0.305172413793103 0.9 1 1 2666.66666666667 1 5 0.105360515657826 5 1000 241 5
"297" "Z" 0.06 -0.660344827586207 0.9495 0 1 2666.66666666667 1 5 0.0518197487297965 5 1000 38 5
"298" "Z" 0.06 -0.322413793103448 0.999 1 1 2666.66666666667 1 5 0.00100050033358353 5 1000 255 5
"299" "Z" 0.06 -0.244827586206897 0.9 1 1 2666.66666666667 1 5 0.105360515657826 5 1000 206 5
"300" "Z" 0.06 -0.720689655172414 0.999 0 1 2666.66666666667 1 5 0.00100050033358353 5 1000 75 5
